(0,0) = 36324288
(0,1) = 10420340
(0,2) = 102627360
(0,3) = 462530920
(0,4) = 7248120
(0,5) = 385859700
(0,6) = 4580064
(0,7) = 247156560
(0,8) = 4287360
(0,9) = 1022911200
(0,10) = 6658560
(0,11) = 40521600
(0,12) = 17035200
(0,13) = 377794560
(0,14) = 241113600
(0,15) = 33633600
(0,16) = 23931600
(0,17) = 187387200
(0,18) = 218618400
(0,19) = 33633600
(1,0) = 161635320
(1,1) = 267193080
(1,2) = 149276160
(1,3) = 286101600
(1,4) = 161635320
(1,5) = 433813320
(1,6) = 98152560
(1,7) = 202327200
(1,8) = 694576080
(1,9) = 1022911200
(1,10) = 197720880
(1,11) = 558270720
(1,12) = 347860800
(1,13) = 249300240
(1,14) = 389491200
(1,15) = 558270720
(1,16) = 55827072
(1,17) = 31901184
(1,18) = 45997056
(1,19) = 0
(2,0) = 494001585
(2,1) = 489755980
(2,2) = 137658290
(2,3) = 200271120
(2,4) = 494001585
(2,5) = 481804015
(2,6) = 137658290
(2,7) = 513185160
(2,8) = 937890120
(2,9) = 887465920
(2,10) = 374985600
(2,11) = 719461008
(2,12) = 937890120
(2,13) = 887465920
(2,14) = 395136000
(2,15) = 28123920
(2,16) = 75384540
(2,17) = 5045040
(2,18) = 12939264
(2,19) = 1656200000
(3,0) = 58865664
(3,1) = 259870520
(3,2) = 78796800
(3,3) = 186553920
(3,4) = 31813600
(3,5) = 45904320
(3,6) = 52024896
(3,7) = 264854016
(3,8) = 307455720
(3,9) = 396446400
(3,10) = 303747840
(3,11) = 418790736
(3,12) = 14636160
(3,13) = 19906560
(3,14) = 526848000
(3,15) = 238798560
(3,16) = 101538360
(3,17) = 9415168
(3,18) = 33785856
(3,19) = 535080000
(4,0) = 39512352
(4,1) = 204183980
(4,2) = 244547856
(4,3) = 1360297449
(4,4) = 785523879
(4,5) = 1417023468
(4,6) = 761385744
(4,7) = 1360297449
(4,8) = 785523879
(4,9) = 1417023468
(4,10) = 761385744
(4,11) = 652616352
(4,12) = 612323712
(4,13) = 377794560
(4,14) = 241113600
(4,15) = 295975680
(4,16) = 93305520
(4,17) = 97574400
(4,18) = 95056416
(4,19) = 423360000
(5,0) = 214410240
(5,1) = 244877990
(5,2) = 149276160
(5,3) = 286101600
(5,4) = 214410240
(5,5) = 77171940
(5,6) = 272218320
(5,7) = 12357828
(5,8) = 694576080
(5,9) = 1022911200
(5,10) = 412540128
(5,11) = 429528960
(5,12) = 450192600
(5,13) = 368339400
(5,14) = 412540128
(5,15) = 1025344320
(5,16) = 165110400
(5,17) = 87333386
(5,18) = 150087168
(5,19) = 502740000
(6,0) = 455196672
(6,1) = 489755980
(6,2) = 223679232
(6,3) = 200271120
(6,4) = 455196672
(6,5) = 327172608
(6,6) = 223679232
(6,7) = 27614720
(6,8) = 300982968
(6,9) = 446788800
(6,10) = 597693600
(6,11) = 986194440
(6,12) = 264947760
(6,13) = 324462240
(6,14) = 597693600
(6,15) = 986194440
(6,16) = 264947760
(6,17) = 272274674
(6,18) = 700406784
(6,19) = 1656200000
(7,0) = 58865664
(7,1) = 259870520
(7,2) = 78796800
(7,3) = 186553920
(7,4) = 20908800
(7,5) = 89056800
(7,6) = 135021600
(7,7) = 438820200
(7,8) = 1382283630
(7,9) = 396446400
(7,10) = 303747840
(7,11) = 438820200
(7,12) = 1382283630
(7,13) = 116402832
(7,14) = 1106545440
(7,15) = 580936356
(7,16) = 121080960
(7,17) = 207788567
(7,18) = 1106545440
(7,19) = 753248160
(8,0) = 54093312
(8,1) = 204183980
(8,2) = 138324780
(8,3) = 62007660
(8,4) = 1202948604
(8,5) = 309850398
(8,6) = 643520196
(8,7) = 260845416
(8,8) = 1202948604
(8,9) = 824114304
(8,10) = 678682368
(8,11) = 765692928
(8,12) = 963121536
(8,13) = 824114304
(8,14) = 678682368
(8,15) = 1207882368
(8,16) = 333763584
(8,17) = 309426656
(8,18) = 234866016
(8,19) = 2080399680
(9,0) = 42823872
(9,1) = 237116880
(9,2) = 69154560
(9,3) = 34546176
(9,4) = 62726400
(9,5) = 531805
(9,6) = 305509588
(9,7) = 66922548
(9,8) = 210839200
(9,9) = 788032080
(9,10) = 338738400
(9,11) = 151229988
(9,12) = 776736
(9,13) = 205805094
(9,14) = 111337182
(9,15) = 1025344320
(9,16) = 48066480
(9,17) = 228991482
(9,18) = 150087168
(9,19) = 1155777600
(10,0) = 84284928
(10,1) = 154452480
(10,2) = 114537240
(10,3) = 318592512
(10,4) = 51405750
(10,5) = 613173750
(10,6) = 397966437
(10,7) = 95957400
(10,8) = 71877000
(10,9) = 1698646928
(10,10) = 60914304
(10,11) = 228271680
(10,12) = 1353600
(10,13) = 135607392
(10,14) = 20697600
(10,15) = 717741024
(10,16) = 12359952
(10,17) = 272274674
(10,18) = 700406784
(10,19) = 925041600
(11,0) = 42142464
(11,1) = 327075840
(11,2) = 21873600
(11,3) = 989912448
(11,4) = 269253600
(11,5) = 506890300
(11,6) = 409009040
(11,7) = 316652160
(11,8) = 269253600
(11,9) = 831252752
(11,10) = 670057344
(11,11) = 316652160
(11,12) = 5076540
(11,13) = 75847200
(11,14) = 115007040
(11,15) = 270961152
(11,16) = 24719904
(11,17) = 349968114
(11,18) = 930227760
(11,19) = 753248160
(12,0) = 54093312
(12,1) = 352235520
(12,2) = 15949128
(12,3) = 1720562112
(12,4) = 365904000
(12,5) = 362064500
(12,6) = 643520196
(12,7) = 74311440
(12,8) = 15759040
(12,9) = 1347202736
(12,10) = 548228736
(12,11) = 118974240
(12,12) = 163991520
(12,13) = 320184120
(12,14) = 90256320
(12,15) = 361281536
(12,16) = 163991520
(12,17) = 748207692
(12,18) = 369085640
(12,19) = 2080399680
(13,0) = 42823872
(13,1) = 434004480
(13,2) = 121671720
(13,3) = 1469646804
(13,4) = 75636720
(13,5) = 623097048
(13,6) = 609839664
(13,7) = 168679056
(13,8) = 210237664
(13,9) = 1898331128
(13,10) = 1233514656
(13,11) = 168679056
(13,12) = 210237664
(13,13) = 390441376
(13,14) = 90924704
(13,15) = 529464320
(13,16) = 24615360
(13,17) = 228991482
(13,18) = 781593120
(13,19) = 1155777600
(14,0) = 13396864
(14,1) = 396029088
(14,2) = 223173720
(14,3) = 626761137
(14,4) = 1179932832
(14,5) = 613173750
(14,6) = 397966437
(14,7) = 446347440
(14,8) = 37643760
(14,9) = 1698646928
(14,10) = 656980632
(14,11) = 189062208
(14,12) = 28197312
(14,13) = 379024360
(14,14) = 179351172
(14,15) = 455276052
(14,16) = 141538320
(14,17) = 199444194
(14,18) = 436158800
(14,19) = 802961280
(15,0) = 1068287616
(15,1) = 752657184
(15,2) = 418142880
(15,3) = 989912448
(15,4) = 1068287616
(15,5) = 752657184
(15,6) = 418142880
(15,7) = 442739520
(15,8) = 40304286
(15,9) = 831252752
(15,10) = 670057344
(15,11) = 283593312
(15,12) = 88355328
(15,13) = 626847980
(15,14) = 119242368
(15,15) = 685643616
(15,16) = 381724560
(15,17) = 349968114
(15,18) = 412793150
(15,19) = 685643616
(16,0) = 7456512
(16,1) = 352235520
(16,2) = 43274400
(16,3) = 1720562112
(16,4) = 36767850
(16,5) = 362064500
(16,6) = 323011260
(16,7) = 32161536
(16,8) = 23390208
(16,9) = 1347202736
(16,10) = 548228736
(16,11) = 32161536
(16,12) = 23390208
(16,13) = 205233600
(16,14) = 174909440
(16,15) = 361281536
(16,16) = 16964640
(16,17) = 748207692
(16,18) = 369085640
(16,19) = 380350080
(17,0) = 146655360
(17,1) = 434004480
(17,2) = 73327680
(17,3) = 1469646804
(17,4) = 148642560
(17,5) = 219983040
(17,6) = 422392608
(17,7) = 1267177824
(17,8) = 1180779336
(17,9) = 2326829868
(17,10) = 2214241326
(17,11) = 1901116290
(17,12) = 2038878340
(17,13) = 2326829868
(17,14) = 2214241326
(17,15) = 1901116290
(17,16) = 2038878340
(17,17) = 99457480
(17,18) = 781593120
(17,19) = 104924160
(18,0) = 115588200
(18,1) = 396029088
(18,2) = 220884300
(18,3) = 626761137
(18,4) = 1179932832
(18,5) = 179161710
(18,6) = 220884300
(18,7) = 7980826
(18,8) = 383079648
(18,9) = 806140616
(18,10) = 1163266272
(18,11) = 379842048
(18,12) = 383079648
(18,13) = 445200672
(18,14) = 1163266272
(18,15) = 379842048
(18,16) = 141538320
(18,17) = 146118816
(18,18) = 71053920
(18,19) = 141647616
(19,0) = 22275540
(19,1) = 1136052540
(19,2) = 876383388
(19,3) = 1119823218
(19,4) = 1009633248
(19,5) = 1136052540
(19,6) = 876383388
(19,7) = 1119823218
(19,8) = 252354528
(19,9) = 764586976
(19,10) = 380357208
(19,11) = 283593312
(19,12) = 142230528
(19,13) = 626847980
(19,14) = 216051264
(19,15) = 6547008
(19,16) = 381724560
(19,17) = 24978312
(19,18) = 48577680
(19,19) = 103016448
Requred value = 2326829868
